snp-dists 0.8.2	A97275_2	A97276_2	A97277_2	A97278_2	A97280_2	A97281_2	A97282_2	A97283_2	A97284_2	A97285_2	A97286_2	A97287_2	A97288_2	A97289_2	A97291_2	A97292_2	A97293_2	A97294_2	A97295_2	A97296_2	A97297_2	A97298_2	A97299_2	A97300_2	A97301_2	A97302_2	A97303_2	A97305_2	A97306_2	A97307_2	A97308_2	A97309_2	A97310_2	A97311_2	A97312_2	A97313_2	A97314_2	A97315_2	A97316_2	A97317_2	A97318_2	A97319_2	A97320_2	A97321_2	A97322_2	A97323_2	A97324_2	A97325_2	A97326_2	A97327_2	A97328_2	A97329_2	A97330_2	A97331_2	A97332_2	A97333_2	A97334_2	A97335_2	A97336_2	A97337_2	A97338_2	A97339_2	A97340_2	A97341_2	A97342_2	A97343_2	A97344_2	A97345_2	A97346_2	A97347_2	A97348_2	A97349_2	A97350_2	A97351_2	A97352_2	A97353_2	A97354_2	A97355_2	A97356_2	A97357_2	A97358_2	A97359_2	A97360_2	A97361_2	A97362_2	A97363_2	A97364_2	A97365_2	A97366_2	A97369_1	A97370_1	A97372_1	A97373_1	A97374_1	A97375_1	A97376_1	A97377_1	A97378_1	A97379_1	A97380_1	A97381_1	A97383_1	A97384_1	A97385_1	A97386_1	A97387_1	A97388_1	A97389_1	A97390_1	A97391_1	A97392_1	A97393_1	A97394_1	A97395_1	A97396_1	Staphylococcus_argenteus
A97275_2	0	0	487	487	811	811	811	811	811	811	492	112	250	203	202	326	314	302	302	16	302	302	16	6	16	1049	286	317	460	285	493	811	494	486	315	316	282	315	498	273	500	309	315	279	283	312	463	284	317	326	494	315	810	312	775	299	496	809	941	494	310	943	314	278	487	322	302	489	316	314	288	311	300	280	497	492	491	41	305	803	319	317	811	713	315	316	309	1052	1052	281	316	808	486	283	802	487	309	488	302	289	315	315	319	315	486	281	315	489	53	285	64	280	259	814	1049	9802
A97276_2	0	0	487	487	811	811	811	811	811	811	492	112	250	203	202	326	314	302	302	16	302	302	16	6	16	1049	286	317	460	285	493	811	494	486	315	316	282	315	498	273	500	309	315	279	283	312	463	284	317	326	494	315	810	312	775	299	496	809	941	494	310	943	314	278	487	322	302	489	316	314	288	311	300	280	497	492	491	41	305	803	319	317	811	713	315	316	309	1052	1052	281	316	808	486	283	802	487	309	488	302	289	315	315	319	315	486	281	315	489	53	285	64	280	259	814	1049	9802
A97277_2	487	487	0	0	775	775	775	775	775	775	11	196	439	344	293	510	499	469	469	481	469	469	481	136	481	1023	493	481	21	479	18	775	19	5	479	479	490	479	23	482	25	473	479	487	491	476	26	492	480	510	19	479	756	476	761	480	21	756	893	19	474	894	478	487	6	508	469	14	480	478	481	475	451	488	22	17	10	5	497	751	474	479	775	684	484	480	466	1025	1025	475	480	772	3	476	748	12	466	7	469	483	484	484	480	484	11	489	479	14	136	476	97	489	401	777	1023	9530
A97278_2	487	487	0	0	775	775	775	775	775	775	11	196	439	344	293	510	499	469	469	481	469	469	481	136	481	1023	493	481	21	479	18	775	19	5	479	479	490	479	23	482	25	473	479	487	491	476	26	492	480	510	19	479	756	476	761	480	21	756	893	19	474	894	478	487	6	508	469	14	480	478	481	475	451	488	22	17	10	5	497	751	474	479	775	684	484	480	466	1025	1025	475	480	772	3	476	748	12	466	7	469	483	484	484	480	484	11	489	479	14	136	476	97	489	401	777	1023	9530
A97280_2	811	811	775	775	0	0	0	0	0	0	780	371	712	606	512	810	802	794	794	806	794	794	806	315	806	1068	780	814	736	804	781	32	782	774	811	811	777	812	786	769	788	807	811	774	777	809	743	779	812	810	782	811	622	809	798	797	784	623	868	782	807	875	811	774	775	807	794	777	813	811	807	807	751	776	785	780	779	18	798	617	803	812	34	31	773	813	806	1070	1070	800	813	29	774	802	614	775	806	776	794	809	773	773	813	773	774	776	812	777	265	781	134	775	685	5	1068	9319
A97281_2	811	811	775	775	0	0	0	0	0	0	780	371	712	606	512	810	802	794	794	806	794	794	806	315	806	1068	780	814	736	804	781	32	782	774	811	811	777	812	786	769	788	807	811	774	777	809	743	779	812	810	782	811	622	809	798	797	784	623	868	782	807	875	811	774	775	807	794	777	813	811	807	807	751	776	785	780	779	18	798	617	803	812	34	31	773	813	806	1070	1070	800	813	29	774	802	614	775	806	776	794	809	773	773	813	773	774	776	812	777	265	781	134	775	685	5	1068	9319
A97282_2	811	811	775	775	0	0	0	0	0	0	780	371	712	606	512	810	802	794	794	806	794	794	806	315	806	1068	780	814	736	804	781	32	782	774	811	811	777	812	786	769	788	807	811	774	777	809	743	779	812	810	782	811	622	809	798	797	784	623	868	782	807	875	811	774	775	807	794	777	813	811	807	807	751	776	785	780	779	18	798	617	803	812	34	31	773	813	806	1070	1070	800	813	29	774	802	614	775	806	776	794	809	773	773	813	773	774	776	812	777	265	781	134	775	685	5	1068	9319
A97283_2	811	811	775	775	0	0	0	0	0	0	780	371	712	606	512	810	802	794	794	806	794	794	806	315	806	1068	780	814	736	804	781	32	782	774	811	811	777	812	786	769	788	807	811	774	777	809	743	779	812	810	782	811	622	809	798	797	784	623	868	782	807	875	811	774	775	807	794	777	813	811	807	807	751	776	785	780	779	18	798	617	803	812	34	31	773	813	806	1070	1070	800	813	29	774	802	614	775	806	776	794	809	773	773	813	773	774	776	812	777	265	781	134	775	685	5	1068	9319
A97284_2	811	811	775	775	0	0	0	0	0	0	780	371	712	606	512	810	802	794	794	806	794	794	806	315	806	1068	780	814	736	804	781	32	782	774	811	811	777	812	786	769	788	807	811	774	777	809	743	779	812	810	782	811	622	809	798	797	784	623	868	782	807	875	811	774	775	807	794	777	813	811	807	807	751	776	785	780	779	18	798	617	803	812	34	31	773	813	806	1070	1070	800	813	29	774	802	614	775	806	776	794	809	773	773	813	773	774	776	812	777	265	781	134	775	685	5	1068	9319
A97285_2	811	811	775	775	0	0	0	0	0	0	780	371	712	606	512	810	802	794	794	806	794	794	806	315	806	1068	780	814	736	804	781	32	782	774	811	811	777	812	786	769	788	807	811	774	777	809	743	779	812	810	782	811	622	809	798	797	784	623	868	782	807	875	811	774	775	807	794	777	813	811	807	807	751	776	785	780	779	18	798	617	803	812	34	31	773	813	806	1070	1070	800	813	29	774	802	614	775	806	776	794	809	773	773	813	773	774	776	812	777	265	781	134	775	685	5	1068	9319
A97286_2	492	492	11	11	780	780	780	780	780	780	0	197	443	347	294	515	504	474	474	486	474	474	486	138	486	1027	498	486	26	484	23	780	24	8	484	484	495	484	28	487	30	478	484	492	496	481	31	497	485	515	24	484	760	481	765	484	26	761	898	24	479	899	483	492	9	513	474	19	485	483	486	480	454	493	27	22	11	7	502	756	479	484	780	689	489	485	471	1029	1029	480	485	777	10	481	753	17	471	12	474	488	489	489	485	489	16	494	484	19	138	481	98	494	404	782	1027	9534
A97287_2	112	112	196	196	371	371	371	371	371	371	197	0	6	17	3	4	4	104	104	110	104	104	110	32	110	522	91	51	187	120	201	369	202	195	49	49	86	48	203	85	205	45	49	86	89	47	189	91	50	4	201	49	387	47	399	102	202	389	450	200	46	447	46	87	196	10	101	196	51	47	123	47	48	88	203	200	199	38	134	381	123	48	373	342	105	48	113	524	524	118	47	368	196	119	382	196	113	195	101	120	105	105	48	105	196	87	46	197	5	95	44	87	39	374	522	4866
A97288_2	250	250	439	439	712	712	712	712	712	712	443	6	0	61	43	97	92	263	263	245	263	263	245	66	245	962	193	202	409	259	443	714	444	438	200	201	185	200	448	180	450	194	200	185	190	197	415	191	202	97	444	200	730	197	718	241	446	732	846	444	195	846	198	184	439	98	263	440	201	199	263	196	189	186	447	443	442	42	312	723	274	201	715	629	270	200	263	965	965	257	199	712	438	258	722	438	263	440	262	265	270	270	204	270	437	188	200	440	13	243	58	186	160	716	962	9316
A97289_2	203	203	344	344	606	606	606	606	606	606	347	17	61	0	69	149	138	199	199	199	199	199	199	56	199	827	159	73	328	197	349	604	350	344	71	72	153	72	351	148	355	65	71	153	155	69	331	154	72	149	350	71	616	69	630	190	352	617	711	348	65	712	69	151	345	148	198	346	69	70	203	68	67	153	353	349	347	37	233	609	211	71	607	549	208	71	203	830	830	197	70	603	344	198	609	343	204	345	197	203	208	208	72	208	343	155	69	345	5	185	53	153	58	609	827	8188
A97291_2	202	202	293	293	512	512	512	512	512	512	294	3	43	69	0	3	12	179	179	197	179	179	197	63	197	710	169	136	276	196	298	509	299	292	136	135	161	135	301	157	303	130	136	161	165	132	284	166	136	3	299	135	524	132	555	170	300	525	650	298	130	648	134	159	293	10	177	296	136	133	200	132	135	160	301	299	296	43	213	519	215	135	515	465	198	133	196	710	710	195	133	510	293	196	518	294	196	294	176	201	197	197	135	198	294	163	131	296	31	181	52	159	115	515	710	6597
A97292_2	326	326	510	510	810	810	810	810	810	810	515	4	97	149	3	0	14	328	328	322	328	328	322	90	322	1053	306	315	477	334	516	810	517	509	313	314	302	313	521	293	523	307	313	299	303	310	486	304	315	0	517	313	817	310	781	298	519	818	945	517	308	947	312	297	510	20	328	512	314	312	336	309	290	299	520	515	514	46	358	812	348	315	810	722	356	314	329	1056	1056	330	314	807	509	331	809	510	329	511	328	338	356	356	317	356	509	301	313	512	54	310	71	299	254	813	1053	9728
A97293_2	314	314	499	499	802	802	802	802	802	802	504	4	92	138	12	14	0	318	318	310	318	318	310	81	310	1042	292	301	466	320	505	802	506	498	299	300	288	299	510	279	512	293	299	285	289	296	475	290	301	14	506	299	805	296	770	286	508	806	937	506	294	939	298	283	499	32	318	501	300	298	322	295	277	285	509	504	503	43	348	800	334	301	802	714	346	300	319	1045	1045	316	300	799	498	317	797	499	319	500	318	324	346	346	303	346	498	287	299	501	48	298	69	285	241	805	1042	9726
A97294_2	302	302	469	469	794	794	794	794	794	794	474	104	263	199	179	328	318	0	0	298	0	0	298	26	298	1019	273	328	443	282	475	794	476	468	326	327	269	326	480	260	482	319	326	266	270	323	447	271	328	328	476	326	774	323	755	202	478	775	925	476	321	930	325	265	469	324	6	471	327	325	285	322	301	267	479	474	473	39	327	767	271	328	794	699	319	327	279	1022	1022	278	327	791	468	280	766	469	279	470	6	286	319	319	330	319	468	268	326	471	50	276	74	267	261	797	1019	9753
A97295_2	302	302	469	469	794	794	794	794	794	794	474	104	263	199	179	328	318	0	0	298	0	0	298	26	298	1019	273	328	443	282	475	794	476	468	326	327	269	326	480	260	482	319	326	266	270	323	447	271	328	328	476	326	774	323	755	202	478	775	925	476	321	930	325	265	469	324	6	471	327	325	285	322	301	267	479	474	473	39	327	767	271	328	794	699	319	327	279	1022	1022	278	327	791	468	280	766	469	279	470	6	286	319	319	330	319	468	268	326	471	50	276	74	267	261	797	1019	9753
A97296_2	16	16	481	481	806	806	806	806	806	806	486	110	245	199	197	322	310	298	298	0	298	298	0	0	0	1044	282	313	454	281	487	806	488	480	311	312	278	311	492	269	494	305	311	275	279	308	457	280	313	322	488	311	803	308	770	295	490	801	936	488	306	938	310	274	481	318	298	483	312	310	284	307	295	276	491	486	485	38	300	796	315	313	806	708	310	311	305	1047	1047	277	312	803	480	279	795	481	305	482	298	285	310	310	315	310	480	277	311	483	51	281	67	276	255	809	1044	9787
A97297_2	302	302	469	469	794	794	794	794	794	794	474	104	263	199	179	328	318	0	0	298	0	0	298	26	298	1019	273	328	443	282	475	794	476	468	326	327	269	326	480	260	482	319	326	266	270	323	447	271	328	328	476	326	774	323	755	202	478	775	925	476	321	930	325	265	469	324	6	471	327	325	285	322	301	267	479	474	473	39	327	767	271	328	794	699	319	327	279	1022	1022	278	327	791	468	280	766	469	279	470	6	286	319	319	330	319	468	268	326	471	50	276	74	267	261	797	1019	9753
A97298_2	302	302	469	469	794	794	794	794	794	794	474	104	263	199	179	328	318	0	0	298	0	0	298	26	298	1019	273	328	443	282	475	794	476	468	326	327	269	326	480	260	482	319	326	266	270	323	447	271	328	328	476	326	774	323	755	202	478	775	925	476	321	930	325	265	469	324	6	471	327	325	285	322	301	267	479	474	473	39	327	767	271	328	794	699	319	327	279	1022	1022	278	327	791	468	280	766	469	279	470	6	286	319	319	330	319	468	268	326	471	50	276	74	267	261	797	1019	9753
A97299_2	16	16	481	481	806	806	806	806	806	806	486	110	245	199	197	322	310	298	298	0	298	298	0	0	0	1044	282	313	454	281	487	806	488	480	311	312	278	311	492	269	494	305	311	275	279	308	457	280	313	322	488	311	803	308	770	295	490	801	936	488	306	938	310	274	481	318	298	483	312	310	284	307	295	276	491	486	485	38	300	796	315	313	806	708	310	311	305	1047	1047	277	312	803	480	279	795	481	305	482	298	285	310	310	315	310	480	277	311	483	51	281	67	276	255	809	1044	9787
A97300_2	6	6	136	136	315	315	315	315	315	315	138	32	66	56	63	90	81	26	26	0	26	26	0	0	0	433	74	78	133	92	138	312	137	136	79	80	67	78	140	65	142	74	79	68	69	76	137	69	81	90	138	79	305	76	359	54	138	309	357	136	72	357	75	67	136	89	26	137	76	75	93	76	79	68	140	137	136	25	85	301	91	77	318	301	85	75	69	436	436	90	74	312	137	89	303	136	69	136	26	92	86	86	77	86	135	69	74	135	16	64	40	67	72	317	433	4000
A97301_2	16	16	481	481	806	806	806	806	806	806	486	110	245	199	197	322	310	298	298	0	298	298	0	0	0	1044	282	313	454	281	487	806	488	480	311	312	278	311	492	269	494	305	311	275	279	308	457	280	313	322	488	311	803	308	770	295	490	801	936	488	306	938	310	274	481	318	298	483	312	310	284	307	295	276	491	486	485	38	300	796	315	313	806	708	310	311	305	1047	1047	277	312	803	480	279	795	481	305	482	298	285	310	310	315	310	480	277	311	483	51	281	67	276	255	809	1044	9787
A97302_2	1049	1049	1023	1023	1068	1068	1068	1068	1068	1068	1027	522	962	827	710	1053	1042	1019	1019	1044	1019	1019	1044	433	1044	0	1031	1033	978	1058	1028	1071	1029	1022	1030	1031	1025	1030	1032	1020	1035	1024	1030	1025	1027	1028	980	1030	1032	1053	1029	1030	1102	1028	8	1024	1031	1104	1146	1030	1025	1163	1029	1024	1022	1050	1019	1025	1032	1030	1060	1026	975	1025	1032	1028	1026	130	1042	1096	1037	1031	1071	964	1019	1032	1041	11	11	1053	1032	1068	1021	1055	1094	1023	1041	1024	1019	1059	1019	1019	1034	1019	1022	1027	1031	1025	373	1021	226	1024	907	1071	0	8998
A97303_2	286	286	493	493	780	780	780	780	780	780	498	91	193	159	169	306	292	273	273	282	273	273	282	74	282	1031	0	326	470	292	499	780	500	492	324	325	16	323	504	25	506	318	324	13	9	321	474	24	326	306	500	324	800	321	769	277	502	801	916	500	319	920	323	30	493	302	273	495	325	323	294	320	302	32	502	498	497	45	340	793	292	326	780	689	274	325	318	1034	1034	288	325	777	492	289	792	493	318	494	273	296	274	274	328	274	492	15	324	495	11	264	70	32	254	783	1031	9663
A97305_2	317	317	481	481	814	814	814	814	814	814	486	51	202	73	136	315	301	328	328	313	328	328	313	78	313	1033	326	0	448	333	487	814	488	480	24	25	322	24	492	313	494	20	24	319	323	21	454	324	26	315	488	24	796	21	765	339	490	797	927	488	19	929	23	317	481	312	328	483	25	23	336	20	26	320	491	486	485	45	359	789	354	26	813	717	333	25	321	1036	1036	329	25	811	480	331	788	481	321	482	328	337	333	333	28	333	480	321	24	483	11	296	61	320	22	817	1033	9709
A97306_2	460	460	21	21	736	736	736	736	736	736	26	187	409	328	276	477	466	443	443	454	443	443	454	133	454	978	470	448	0	460	5	736	2	20	447	446	467	447	10	459	12	440	447	464	468	444	13	467	447	477	6	447	730	444	752	446	0	730	869	8	441	871	446	464	21	475	443	23	448	446	463	443	423	465	11	26	25	9	475	725	453	447	736	665	463	448	446	980	980	457	448	733	20	458	722	21	446	21	443	465	463	463	448	463	20	466	447	23	136	455	100	465	387	738	978	9021
A97307_2	285	285	479	479	804	804	804	804	804	804	484	120	259	197	196	334	320	282	282	281	282	282	281	92	281	1058	292	333	460	0	485	805	486	478	331	332	288	331	489	279	492	324	331	285	289	328	466	290	333	334	486	331	785	328	788	296	488	786	925	486	326	927	330	284	479	330	282	481	332	330	27	327	300	285	489	484	483	49	292	780	250	333	804	710	315	332	284	1061	1061	20	332	802	478	22	777	479	284	480	282	28	315	315	335	315	478	287	331	481	75	289	82	286	269	807	1058	9708
A97308_2	493	493	18	18	781	781	781	781	781	781	23	201	443	349	298	516	505	475	475	487	475	475	487	138	487	1028	499	487	5	485	0	781	3	17	485	485	496	485	7	488	9	479	485	493	497	482	10	498	486	516	3	485	762	482	763	486	5	762	899	5	480	900	484	493	18	514	475	20	486	484	487	481	455	494	8	23	22	9	501	757	480	485	781	690	490	486	472	1030	1030	481	486	778	17	482	754	18	472	19	475	489	490	490	486	490	17	495	485	20	140	482	101	495	403	783	1028	9530
A97309_2	811	811	775	775	32	32	32	32	32	32	780	369	714	604	509	810	802	794	794	806	794	794	806	312	806	1071	780	814	736	805	781	0	782	774	811	811	777	812	786	769	788	807	811	774	777	809	743	779	812	810	782	811	622	809	800	797	784	623	871	782	807	878	811	774	775	807	794	777	813	811	808	807	753	776	785	780	779	15	798	617	803	812	34	29	775	813	806	1073	1073	801	813	13	774	803	614	775	806	776	794	810	775	775	813	775	774	776	812	777	265	782	136	775	686	35	1071	9324
A97310_2	494	494	19	19	782	782	782	782	782	782	24	202	444	350	299	517	506	476	476	488	476	476	488	137	488	1029	500	488	2	486	3	782	0	18	486	486	497	486	8	489	10	480	486	494	498	483	11	499	487	517	4	486	763	483	764	487	2	763	900	6	481	901	485	494	19	515	476	21	487	485	488	482	456	495	9	24	23	9	502	758	481	486	782	691	491	487	473	1031	1031	482	487	779	18	483	755	19	473	20	476	490	491	491	487	491	18	496	486	21	139	483	100	496	404	784	1029	9529
A97311_2	486	486	5	5	774	774	774	774	774	774	8	195	438	344	292	509	498	468	468	480	468	468	480	136	480	1022	492	480	20	478	17	774	18	0	478	478	489	478	22	481	24	472	478	486	490	475	25	491	479	509	18	478	755	475	760	479	20	755	892	18	473	893	477	486	3	507	468	13	479	477	480	474	450	487	21	16	7	5	496	750	473	478	774	683	483	479	465	1024	1024	474	479	771	4	475	747	11	465	6	468	482	483	483	479	483	10	488	478	13	136	475	97	488	400	776	1022	9528
A97312_2	315	315	479	479	811	811	811	811	811	811	484	49	200	71	136	313	299	326	326	311	326	326	311	79	311	1030	324	24	447	331	485	811	486	478	0	23	320	22	490	311	492	18	0	317	321	19	453	322	24	313	486	8	793	19	766	337	488	794	924	486	17	926	21	315	479	310	326	481	23	21	334	4	25	318	489	484	483	46	357	786	352	24	810	715	331	23	319	1033	1033	327	23	808	478	329	785	479	319	480	326	335	331	331	26	331	478	319	22	481	11	294	60	318	21	814	1030	9700
A97313_2	316	316	479	479	811	811	811	811	811	811	484	49	201	72	135	314	300	327	327	312	327	327	312	80	312	1031	325	25	446	332	485	811	486	478	23	0	321	23	490	312	492	19	23	318	322	20	452	323	3	314	486	23	794	20	766	338	488	795	925	486	18	927	22	316	479	311	327	481	24	22	335	19	2	319	489	484	483	45	358	787	353	15	810	714	332	24	320	1034	1034	328	24	808	478	330	786	479	320	480	327	336	332	332	27	332	478	320	23	481	12	295	57	319	21	814	1031	9702
A97314_2	282	282	490	490	777	777	777	777	777	777	495	86	185	153	161	302	288	269	269	278	269	269	278	67	278	1025	16	322	467	288	496	777	497	489	320	321	0	319	501	21	503	314	320	5	13	317	471	20	322	302	497	320	797	317	764	273	499	798	912	497	315	916	319	26	490	298	269	492	321	319	290	316	296	28	499	495	494	43	335	790	288	322	777	687	270	321	314	1028	1028	284	321	774	489	285	789	490	314	491	269	292	270	270	324	270	489	9	320	492	8	260	68	28	249	780	1025	9666
A97315_2	315	315	479	479	812	812	812	812	812	812	484	48	200	72	135	313	299	326	326	311	326	326	311	78	311	1030	323	24	447	331	485	812	486	478	22	23	319	0	490	310	492	18	22	316	320	7	453	321	24	313	486	22	793	7	765	336	488	794	923	486	17	926	21	314	479	310	326	481	23	21	334	18	25	317	489	484	483	46	357	786	352	24	811	714	331	23	319	1033	1033	327	23	809	478	329	785	479	319	480	326	335	331	331	26	331	478	318	22	481	9	294	59	317	20	815	1030	9699
A97316_2	498	498	23	23	786	786	786	786	786	786	28	203	448	351	301	521	510	480	480	492	480	480	492	140	492	1032	504	492	10	489	7	786	8	22	490	490	501	490	0	493	8	484	490	498	502	487	9	503	491	521	8	490	767	487	767	491	10	767	903	10	485	904	489	498	23	519	480	25	491	489	491	486	460	499	13	28	27	11	506	762	485	490	786	695	495	491	477	1034	1034	485	491	783	22	486	759	23	477	24	480	493	495	495	491	495	22	500	490	25	141	486	103	500	407	788	1032	9534
A97317_2	273	273	482	482	769	769	769	769	769	769	487	85	180	148	157	293	279	260	260	269	260	260	269	65	269	1020	25	313	459	279	488	769	489	481	311	312	21	310	493	0	495	305	311	18	22	308	463	23	313	293	489	311	788	308	760	263	491	790	904	489	306	908	310	13	482	289	260	484	312	310	281	307	289	15	491	487	486	44	327	782	279	313	769	681	263	312	305	1023	1023	275	312	766	481	276	781	482	305	483	260	283	263	263	315	263	481	20	311	484	2	251	69	15	243	772	1020	9660
A97318_2	500	500	25	25	788	788	788	788	788	788	30	205	450	355	303	523	512	482	482	494	482	482	494	142	494	1035	506	494	12	492	9	788	10	24	492	492	503	492	8	495	0	486	492	500	504	489	11	505	493	523	10	492	769	489	770	493	12	769	905	12	487	906	491	500	25	521	482	27	493	491	494	488	462	501	15	30	29	12	508	764	487	492	788	696	497	493	479	1037	1037	488	493	785	24	489	761	25	479	26	482	496	497	497	493	497	24	502	492	27	142	489	104	502	409	790	1035	9532
A97319_2	309	309	473	473	807	807	807	807	807	807	478	45	194	65	130	307	293	319	319	305	319	319	305	74	305	1024	318	20	440	324	479	807	480	472	18	19	314	18	484	305	486	0	18	311	315	15	447	316	20	307	480	18	788	15	761	330	482	789	919	480	13	921	17	309	473	304	319	475	19	17	327	14	21	312	483	478	477	43	351	781	345	20	806	711	325	19	312	1027	1027	320	19	804	472	322	780	473	312	474	319	328	325	325	22	325	472	313	18	475	9	288	55	312	16	810	1024	9702
A97320_2	315	315	479	479	811	811	811	811	811	811	484	49	200	71	136	313	299	326	326	311	326	326	311	79	311	1030	324	24	447	331	485	811	486	478	0	23	320	22	490	311	492	18	0	317	321	19	453	322	24	313	486	8	793	19	766	337	488	794	924	486	17	926	21	315	479	310	326	481	23	21	334	4	25	318	489	484	483	46	357	786	352	24	810	715	331	23	319	1033	1033	327	23	808	478	329	785	479	319	480	326	335	331	331	26	331	478	319	22	481	11	294	60	318	21	814	1030	9700
A97321_2	279	279	487	487	774	774	774	774	774	774	492	86	185	153	161	299	285	266	266	275	266	266	275	68	275	1025	13	319	464	285	493	774	494	486	317	318	5	316	498	18	500	311	317	0	10	314	468	17	319	299	494	317	794	314	764	270	496	795	909	494	312	913	316	23	487	295	266	489	318	316	287	313	295	25	496	492	491	43	333	787	285	319	774	684	267	318	311	1028	1028	281	318	771	486	282	786	487	311	488	266	289	267	267	321	267	486	6	317	489	7	257	67	25	248	777	1025	9664
A97322_2	283	283	491	491	777	777	777	777	777	777	496	89	190	155	165	303	289	270	270	279	270	270	279	69	279	1027	9	323	468	289	497	777	498	490	321	322	13	320	502	22	504	315	321	10	0	318	472	21	323	303	498	321	797	318	765	274	500	798	911	498	316	915	320	27	491	299	270	493	322	320	291	317	299	29	500	496	495	43	337	790	289	323	777	687	271	322	315	1030	1030	285	322	774	490	286	789	491	315	492	270	293	271	271	325	271	490	12	321	493	8	261	70	29	249	780	1027	9662
A97323_2	312	312	476	476	809	809	809	809	809	809	481	47	197	69	132	310	296	323	323	308	323	323	308	76	308	1028	321	21	444	328	482	809	483	475	19	20	317	7	487	308	489	15	19	314	318	0	450	319	21	310	483	19	791	0	763	334	485	792	920	483	14	923	18	312	476	307	323	478	20	18	331	15	22	315	486	481	480	45	354	784	349	21	808	712	328	20	316	1031	1031	324	20	806	475	326	783	476	316	477	323	332	328	328	23	328	475	316	19	478	9	291	58	315	17	812	1028	9699
A97324_2	463	463	26	26	743	743	743	743	743	743	31	189	415	331	284	486	475	447	447	457	447	447	457	137	457	980	474	454	13	466	10	743	11	25	453	452	471	453	9	463	11	447	453	468	472	450	0	471	453	486	11	453	737	450	754	450	13	737	871	13	447	873	452	468	26	484	447	28	454	452	469	449	429	469	16	31	30	12	478	730	458	453	743	673	467	454	451	982	982	463	454	740	25	464	729	26	451	26	447	471	467	467	454	467	25	470	453	28	136	460	104	469	388	745	980	9027
A97325_2	284	284	492	492	779	779	779	779	779	779	497	91	191	154	166	304	290	271	271	280	271	271	280	69	280	1030	24	324	467	290	498	779	499	491	322	323	20	321	503	23	505	316	322	17	21	319	471	0	324	304	499	322	799	319	766	275	501	800	914	499	317	918	321	28	492	300	271	494	323	321	292	318	300	30	501	497	496	44	338	792	290	324	779	689	272	323	316	1033	1033	286	323	776	491	287	791	492	316	493	271	294	272	272	326	272	491	19	322	494	6	262	68	30	252	782	1030	9666
A97326_2	317	317	480	480	812	812	812	812	812	812	485	50	202	72	136	315	301	328	328	313	328	328	313	81	313	1032	326	26	447	333	486	812	487	479	24	3	322	24	491	313	493	20	24	319	323	21	453	324	0	315	487	24	795	21	768	339	489	796	926	487	19	928	23	317	480	312	328	482	25	23	336	20	5	320	490	485	484	46	359	788	354	16	811	715	333	25	321	1035	1035	329	25	809	479	331	787	480	321	481	328	337	333	333	28	333	479	321	24	482	12	296	58	320	22	815	1032	9701
A97327_2	326	326	510	510	810	810	810	810	810	810	515	4	97	149	3	0	14	328	328	322	328	328	322	90	322	1053	306	315	477	334	516	810	517	509	313	314	302	313	521	293	523	307	313	299	303	310	486	304	315	0	517	313	817	310	781	298	519	818	945	517	308	947	312	297	510	20	328	512	314	312	336	309	290	299	520	515	514	46	358	812	348	315	810	722	356	314	329	1056	1056	330	314	807	509	331	809	510	329	511	328	338	356	356	317	356	509	301	313	512	54	310	71	299	254	813	1053	9728
A97328_2	494	494	19	19	782	782	782	782	782	782	24	201	444	350	299	517	506	476	476	488	476	476	488	138	488	1029	500	488	6	486	3	782	4	18	486	486	497	486	8	489	10	480	486	494	498	483	11	499	487	517	0	486	763	483	764	487	6	763	900	6	481	901	485	494	19	515	476	21	487	485	488	482	456	495	9	24	23	9	502	758	481	486	782	691	491	487	473	1031	1031	482	487	779	18	483	755	19	473	20	476	490	491	491	487	491	18	496	486	21	140	483	100	496	404	784	1029	9529
A97329_2	315	315	479	479	811	811	811	811	811	811	484	49	200	71	135	313	299	326	326	311	326	326	311	79	311	1030	324	24	447	331	485	811	486	478	8	23	320	22	490	311	492	18	8	317	321	19	453	322	24	313	486	0	793	19	766	336	488	794	924	486	17	926	21	315	479	310	326	481	23	21	333	4	25	318	489	484	483	48	357	786	352	24	810	715	331	23	319	1033	1033	327	23	808	478	329	785	479	319	480	326	335	331	331	26	331	478	319	22	481	12	294	61	318	21	814	1030	9700
A97330_2	810	810	756	756	622	622	622	622	622	622	760	387	730	616	524	817	805	774	774	803	774	774	803	305	803	1102	800	796	730	785	762	622	763	755	793	794	797	793	767	788	769	788	793	794	797	791	737	799	795	817	763	793	0	791	824	793	765	27	890	763	789	896	793	793	756	814	774	758	795	793	787	789	748	795	766	761	760	60	792	21	792	796	622	542	778	795	783	1104	1104	781	795	619	755	782	12	756	783	757	774	789	778	778	796	778	755	796	794	758	262	780	137	794	678	625	1102	9336
A97331_2	312	312	476	476	809	809	809	809	809	809	481	47	197	69	132	310	296	323	323	308	323	323	308	76	308	1028	321	21	444	328	482	809	483	475	19	20	317	7	487	308	489	15	19	314	318	0	450	319	21	310	483	19	791	0	763	334	485	792	920	483	14	923	18	312	476	307	323	478	20	18	331	15	22	315	486	481	480	45	354	784	349	21	808	712	328	20	316	1031	1031	324	20	806	475	326	783	476	316	477	323	332	328	328	23	328	475	316	19	478	9	291	58	315	17	812	1028	9699
A97332_2	775	775	761	761	798	798	798	798	798	798	765	399	718	630	555	781	770	755	755	770	755	755	770	359	770	8	769	765	752	788	763	800	764	760	766	766	764	765	767	760	770	761	766	764	765	763	754	766	768	781	764	766	824	763	0	755	766	825	886	765	760	891	764	763	760	777	753	761	766	764	787	762	742	765	767	762	764	101	783	817	779	767	801	762	754	766	778	11	11	784	766	799	759	784	817	760	777	761	755	790	754	754	769	754	759	766	764	761	250	753	191	764	711	802	8	7123
A97333_2	299	299	480	480	797	797	797	797	797	797	484	102	241	190	170	298	286	202	202	295	202	202	295	54	295	1024	277	339	446	296	486	797	487	479	337	338	273	336	491	263	493	330	337	270	274	334	450	275	339	298	487	336	793	334	755	0	489	795	928	487	332	930	336	269	480	294	202	482	338	336	298	333	315	271	490	485	484	40	322	787	304	339	797	703	326	338	285	1027	1027	292	338	792	479	294	786	480	285	481	202	300	326	326	341	326	479	272	337	482	54	293	75	271	273	800	1024	9686
A97334_2	496	496	21	21	784	784	784	784	784	784	26	202	446	352	300	519	508	478	478	490	478	478	490	138	490	1031	502	490	0	488	5	784	2	20	488	488	499	488	10	491	12	482	488	496	500	485	13	501	489	519	6	488	765	485	766	489	0	765	902	8	483	903	487	496	21	517	478	23	489	487	490	484	458	497	11	26	25	9	504	760	483	488	784	692	493	489	475	1033	1033	484	489	781	20	485	757	21	475	22	478	492	493	493	489	493	20	498	488	23	140	485	100	498	406	786	1031	9529
A97335_2	809	809	756	756	623	623	623	623	623	623	761	389	732	617	525	818	806	775	775	801	775	775	801	309	801	1104	801	797	730	786	762	623	763	755	794	795	798	794	767	790	769	789	794	795	798	792	737	800	796	818	763	794	27	792	825	795	765	0	889	763	790	895	794	794	756	815	775	758	796	794	788	790	749	796	766	761	760	60	793	20	793	797	623	541	779	796	784	1106	1106	782	796	620	755	783	19	756	784	757	775	790	779	779	797	779	755	797	795	758	265	781	139	795	678	626	1104	9335
A97336_2	941	941	893	893	868	868	868	868	868	868	898	450	846	711	650	945	937	925	925	936	925	925	936	357	936	1146	916	927	869	925	899	871	900	892	924	925	912	923	903	904	905	919	924	909	911	920	871	914	926	945	900	924	890	920	886	928	902	889	0	900	920	26	923	908	893	942	925	895	926	924	927	920	868	910	903	897	897	118	931	884	917	927	870	786	900	926	929	1148	1148	922	924	868	891	922	882	892	930	894	925	928	899	899	925	900	892	911	923	895	306	901	178	909	793	872	1146	9645
A97337_2	494	494	19	19	782	782	782	782	782	782	24	200	444	348	298	517	506	476	476	488	476	476	488	136	488	1030	500	488	8	486	5	782	6	18	486	486	497	486	10	489	12	480	486	494	498	483	13	499	487	517	6	486	763	483	765	487	8	763	900	0	481	901	485	494	19	515	476	21	487	485	488	482	456	495	9	24	23	10	502	758	481	486	782	691	491	487	473	1032	1032	482	487	779	18	483	755	19	473	20	476	490	491	491	487	491	18	496	486	21	140	483	101	496	405	784	1030	9530
A97338_2	310	310	474	474	807	807	807	807	807	807	479	46	195	65	130	308	294	321	321	306	321	321	306	72	306	1025	319	19	441	326	480	807	481	473	17	18	315	17	485	306	487	13	17	312	316	14	447	317	19	308	481	17	789	14	760	332	483	790	920	481	0	922	16	310	474	305	321	476	10	8	329	13	20	313	484	479	478	42	352	782	347	19	806	708	326	18	314	1028	1028	322	16	804	473	324	781	474	314	475	321	330	326	326	21	326	473	314	17	476	6	289	56	313	15	810	1025	9700
A97339_2	943	943	894	894	875	875	875	875	875	875	899	447	846	712	648	947	939	930	930	938	930	930	938	357	938	1163	920	929	871	927	900	878	901	893	926	927	916	926	904	908	906	921	926	913	915	923	873	918	928	947	901	926	896	923	891	930	903	895	26	901	922	0	925	912	894	944	930	896	928	926	929	922	868	914	904	899	898	116	932	890	919	929	878	795	903	928	933	1165	1165	924	926	875	892	924	888	893	934	895	930	930	903	903	927	903	893	915	925	896	306	904	179	913	795	879	1163	9675
A97340_2	314	314	478	478	811	811	811	811	811	811	483	46	198	69	134	312	298	325	325	310	325	325	310	75	310	1029	323	23	446	330	484	811	485	477	21	22	319	21	489	310	491	17	21	316	320	18	452	321	23	312	485	21	793	18	764	336	487	794	923	485	16	925	0	314	478	309	325	480	22	20	333	17	23	317	488	483	482	42	356	786	351	23	810	714	330	22	318	1032	1032	326	22	808	477	328	785	478	318	479	325	334	330	330	25	330	477	318	15	480	8	293	56	317	20	814	1029	9701
A97341_2	278	278	487	487	774	774	774	774	774	774	492	87	184	151	159	297	283	265	265	274	265	265	274	67	274	1024	30	317	464	284	493	774	494	486	315	316	26	314	498	13	500	309	315	23	27	312	468	28	317	297	494	315	793	312	763	269	496	794	908	494	310	912	314	0	487	293	265	489	316	314	286	311	293	6	496	492	491	46	332	786	283	317	774	684	268	316	310	1027	1027	280	316	771	486	281	785	487	310	488	265	288	268	268	319	268	486	25	315	489	1	256	70	6	245	777	1024	9664
A97342_2	487	487	6	6	775	775	775	775	775	775	9	196	439	345	293	510	499	469	469	481	469	469	481	136	481	1022	493	481	21	479	18	775	19	3	479	479	490	479	23	482	25	473	479	487	491	476	26	492	480	510	19	479	756	476	760	480	21	756	893	19	474	894	478	487	0	508	469	14	480	478	481	475	451	488	22	17	8	5	497	751	474	479	775	684	484	480	466	1024	1024	475	480	772	5	476	748	12	466	7	469	483	484	484	480	484	11	489	479	14	135	476	97	489	400	777	1022	9529
A97343_2	322	322	508	508	807	807	807	807	807	807	513	10	98	148	10	20	32	324	324	318	324	324	318	89	318	1050	302	312	475	330	514	807	515	507	310	311	298	310	519	289	521	304	310	295	299	307	484	300	312	20	515	310	814	307	777	294	517	815	942	515	305	944	309	293	508	0	324	510	311	309	331	306	287	295	518	513	512	47	354	809	344	312	807	720	352	311	325	1053	1053	326	311	804	507	326	806	508	325	509	324	334	352	352	314	352	507	297	310	510	56	306	72	295	252	810	1050	9725
A97344_2	302	302	469	469	794	794	794	794	794	794	474	101	263	198	177	328	318	6	6	298	6	6	298	26	298	1019	273	328	443	282	475	794	476	468	326	327	269	326	480	260	482	319	326	266	270	323	447	271	328	328	476	326	774	323	753	202	478	775	925	476	321	930	325	265	469	324	0	471	327	325	285	322	301	267	479	474	473	37	327	767	271	328	794	698	319	327	279	1022	1022	278	327	791	468	280	766	469	279	470	6	286	319	319	330	319	468	268	326	471	48	276	73	267	259	797	1019	9752
A97345_2	489	489	14	14	777	777	777	777	777	777	19	196	440	346	296	512	501	471	471	483	471	471	483	137	483	1025	495	483	23	481	20	777	21	13	481	481	492	481	25	484	27	475	481	489	493	478	28	494	482	512	21	481	758	478	761	482	23	758	895	21	476	896	480	489	14	510	471	0	482	480	483	477	452	490	24	11	18	7	499	753	476	481	777	686	486	482	468	1027	1027	477	482	774	13	478	750	6	468	15	471	485	486	486	482	486	5	491	481	8	137	478	98	491	402	779	1025	9533
A97346_2	316	316	480	480	813	813	813	813	813	813	485	51	201	69	136	314	300	327	327	312	327	327	312	76	312	1032	325	25	448	332	486	813	487	479	23	24	321	23	491	312	493	19	23	318	322	20	454	323	25	314	487	23	795	20	766	338	489	796	926	487	10	928	22	316	480	311	327	482	0	14	335	19	26	319	490	485	484	44	358	788	353	25	812	715	332	24	320	1035	1035	328	22	810	479	330	787	480	320	481	327	336	332	332	27	332	479	320	23	482	7	295	57	319	22	816	1032	9698
A97347_2	314	314	478	478	811	811	811	811	811	811	483	47	199	70	133	312	298	325	325	310	325	325	310	75	310	1030	323	23	446	330	484	811	485	477	21	22	319	21	489	310	491	17	21	316	320	18	452	321	23	312	485	21	793	18	764	336	487	794	924	485	8	926	20	314	478	309	325	480	14	0	333	17	23	317	488	483	482	43	356	786	351	23	810	713	330	22	318	1033	1033	326	20	808	477	328	785	478	318	479	325	334	330	330	25	330	477	318	21	480	8	293	57	317	20	814	1030	9704
A97348_2	288	288	481	481	807	807	807	807	807	807	486	123	263	203	200	336	322	285	285	284	285	285	284	93	284	1060	294	336	463	27	487	808	488	480	334	335	290	334	491	281	494	327	334	287	291	331	469	292	336	336	488	333	787	331	787	298	490	788	927	488	329	929	333	286	481	331	285	483	335	333	0	330	304	287	491	486	485	47	295	782	253	336	807	711	318	335	287	1063	1063	23	335	805	480	5	779	481	287	482	285	29	318	318	338	318	480	289	334	483	78	291	84	288	269	810	1060	9710
A97349_2	311	311	475	475	807	807	807	807	807	807	480	47	196	68	132	309	295	322	322	307	322	322	307	76	307	1026	320	20	443	327	481	807	482	474	4	19	316	18	486	307	488	14	4	313	317	15	449	318	20	309	482	4	789	15	762	333	484	790	920	482	13	922	17	311	475	306	322	477	19	17	330	0	21	314	485	480	479	45	353	782	348	20	806	711	327	19	315	1029	1029	323	19	804	474	325	781	475	315	476	322	331	327	327	22	327	474	315	18	477	10	290	59	314	17	810	1026	9698
A97350_2	300	300	451	451	751	751	751	751	751	751	454	48	189	67	135	290	277	301	301	295	301	301	295	79	295	975	302	26	423	300	455	753	456	450	25	2	296	25	460	289	462	21	25	295	299	22	429	300	5	290	456	25	748	22	742	315	458	749	868	456	20	868	23	293	451	287	301	452	26	23	304	21	0	296	459	455	454	45	343	740	326	16	752	656	310	25	301	978	978	298	23	751	450	300	740	450	301	452	299	305	310	310	28	310	449	297	24	452	12	276	57	295	23	755	975	9079
A97351_2	280	280	488	488	776	776	776	776	776	776	493	88	186	153	160	299	285	267	267	276	267	267	276	68	276	1025	32	320	465	285	494	776	495	487	318	319	28	317	499	15	501	312	318	25	29	315	469	30	320	299	495	318	795	315	765	271	497	796	910	495	313	914	317	6	488	295	267	490	319	317	287	314	296	0	497	493	492	46	334	788	285	320	776	687	270	319	312	1028	1028	281	319	773	487	282	787	488	312	489	267	289	270	270	322	270	487	27	318	490	2	257	69	8	247	779	1025	9664
A97352_2	497	497	22	22	785	785	785	785	785	785	27	203	447	353	301	520	509	479	479	491	479	479	491	140	491	1032	502	491	11	489	8	785	9	21	489	489	499	489	13	491	15	483	489	496	500	486	16	501	490	520	9	489	766	486	767	490	11	766	903	9	484	904	488	496	22	518	479	24	490	488	491	485	459	497	0	27	26	13	505	761	484	489	785	694	494	490	476	1034	1034	485	490	782	21	486	758	22	476	23	479	493	494	494	490	494	21	498	489	24	142	486	103	498	408	787	1032	9531
A97353_2	492	492	17	17	780	780	780	780	780	780	22	200	443	349	299	515	504	474	474	486	474	474	486	137	486	1028	498	486	26	484	23	780	24	16	484	484	495	484	28	487	30	478	484	492	496	481	31	497	485	515	24	484	761	481	762	485	26	761	897	24	479	899	483	492	17	513	474	11	485	483	486	480	455	493	27	0	21	8	502	756	479	484	780	687	489	485	471	1030	1030	480	485	777	16	481	753	9	471	18	474	488	489	489	485	489	8	494	484	11	140	481	100	494	405	782	1028	9536
A97354_2	491	491	10	10	779	779	779	779	779	779	11	199	442	347	296	514	503	473	473	485	473	473	485	136	485	1026	497	485	25	483	22	779	23	7	483	483	494	483	27	486	29	477	483	491	495	480	30	496	484	514	23	483	760	480	764	484	25	760	897	23	478	898	482	491	8	512	473	18	484	482	485	479	454	492	26	21	0	6	501	755	478	483	779	688	488	484	470	1028	1028	479	484	776	9	480	752	16	470	11	473	487	488	488	484	488	15	493	483	16	138	480	99	493	404	781	1026	9535
A97355_2	41	41	5	5	18	18	18	18	18	18	7	38	42	37	43	46	43	39	39	38	39	39	38	25	38	130	45	45	9	49	9	15	9	5	46	45	43	46	11	44	12	43	46	43	43	45	12	44	46	46	9	48	60	45	101	40	9	60	118	10	42	116	42	46	5	47	37	7	44	43	47	45	45	46	13	8	6	0	48	59	48	45	18	15	39	43	39	129	129	45	42	15	6	45	58	6	39	5	37	46	38	38	45	39	6	43	43	6	20	39	20	45	39	19	130	1367
A97356_2	305	305	497	497	798	798	798	798	798	798	502	134	312	233	213	358	348	327	327	300	327	327	300	85	300	1042	340	359	475	292	501	798	502	496	357	358	335	357	506	327	508	351	357	333	337	354	478	338	359	358	502	357	792	354	783	322	504	793	931	502	352	932	356	332	497	354	327	499	358	356	295	353	343	334	505	502	501	48	0	785	304	359	799	705	348	358	316	1045	1045	288	358	796	496	290	784	497	316	498	327	296	350	350	361	348	496	335	357	499	73	304	97	334	304	801	1042	9667
A97357_2	803	803	751	751	617	617	617	617	617	617	756	381	723	609	519	812	800	767	767	796	767	767	796	301	796	1096	793	789	725	780	757	617	758	750	786	787	790	786	762	782	764	781	786	787	790	784	730	792	788	812	758	786	21	784	817	787	760	20	884	758	782	890	786	786	751	809	767	753	788	786	782	782	740	788	761	756	755	59	785	0	787	789	617	538	771	788	778	1098	1098	776	788	614	750	777	13	751	778	752	767	784	771	771	789	771	750	789	787	753	258	775	135	787	672	620	1096	9333
A97358_2	319	319	474	474	803	803	803	803	803	803	479	123	274	211	215	348	334	271	271	315	271	271	315	91	315	1037	292	354	453	250	480	803	481	473	352	353	288	352	485	279	487	345	352	285	289	349	458	290	354	348	481	352	792	349	779	304	483	793	917	481	347	919	351	283	474	344	271	476	353	351	253	348	326	285	484	479	478	48	304	787	0	354	802	709	327	353	275	1036	1036	246	353	800	473	248	784	474	275	475	271	254	327	327	356	327	473	287	352	475	66	294	82	285	294	806	1037	9766
A97359_2	317	317	479	479	812	812	812	812	812	812	484	48	201	71	135	315	301	328	328	313	328	328	313	77	313	1031	326	26	447	333	485	812	486	478	24	15	322	24	490	313	492	20	24	319	323	21	453	324	16	315	486	24	796	21	767	339	488	797	927	486	19	929	23	317	479	312	328	481	25	23	336	20	16	320	489	484	483	45	359	789	354	0	811	715	333	25	321	1034	1034	329	25	809	478	331	788	479	321	480	328	337	333	333	28	333	478	321	24	481	10	296	58	320	22	815	1031	9701
A97360_2	811	811	775	775	34	34	34	34	34	34	780	373	715	607	515	810	802	794	794	806	794	794	806	318	806	1071	780	813	736	804	781	34	782	774	810	810	777	811	786	769	788	806	810	774	777	808	743	779	811	810	782	810	622	808	801	797	784	623	870	782	806	878	810	774	775	807	794	777	812	810	807	806	752	776	785	780	779	18	799	617	802	811	0	9	775	812	805	1073	1073	800	812	31	774	802	614	775	805	776	794	809	775	775	812	775	774	776	811	777	267	782	135	775	685	37	1071	9323
A97361_2	713	713	684	684	31	31	31	31	31	31	689	342	629	549	465	722	714	699	699	708	699	699	708	301	708	964	689	717	665	710	690	29	691	683	715	714	687	714	695	681	696	711	715	684	687	712	673	689	715	722	691	715	542	712	762	703	692	541	786	691	708	795	714	684	684	720	698	686	715	713	711	711	656	687	694	687	688	15	705	538	709	715	9	0	684	716	711	966	966	706	716	26	683	706	535	684	710	684	699	713	684	684	717	684	683	686	715	686	247	690	134	686	627	34	964	8476
A97362_2	315	315	484	484	773	773	773	773	773	773	489	105	270	208	198	356	346	319	319	310	319	319	310	85	310	1019	274	333	463	315	490	775	491	483	331	332	270	331	495	263	497	325	331	267	271	328	467	272	333	356	491	331	778	328	754	326	493	779	900	491	326	903	330	268	484	352	319	486	332	330	318	327	310	270	494	489	488	39	348	771	327	333	775	684	0	332	333	1022	1022	311	332	772	483	313	770	484	333	485	319	319	6	6	335	2	483	269	331	486	68	310	67	270	273	776	1019	9789
A97363_2	316	316	480	480	813	813	813	813	813	813	485	48	200	71	133	314	300	327	327	311	327	327	311	75	311	1032	325	25	448	332	486	813	487	479	23	24	321	23	491	312	493	19	23	318	322	20	454	323	25	314	487	23	795	20	766	338	489	796	926	487	18	928	22	316	480	311	327	482	24	22	335	19	25	319	490	485	484	43	358	788	353	25	812	716	332	0	320	1035	1035	328	24	810	479	330	787	480	320	481	327	336	332	332	27	332	479	320	23	482	9	295	58	319	19	816	1032	9706
A97364_2	309	309	466	466	806	806	806	806	806	806	471	113	263	203	196	329	319	279	279	305	279	279	305	69	305	1041	318	321	446	284	472	806	473	465	319	320	314	319	477	305	479	312	319	311	315	316	451	316	321	329	473	319	783	316	778	285	475	784	929	473	314	933	318	310	466	325	279	468	320	318	287	315	301	312	476	471	470	39	316	778	275	321	805	711	333	320	0	1044	1044	280	320	803	465	282	775	466	2	467	279	288	333	333	323	333	465	313	319	468	67	275	79	312	268	809	1041	9742
A97365_2	1052	1052	1025	1025	1070	1070	1070	1070	1070	1070	1029	524	965	830	710	1056	1045	1022	1022	1047	1022	1022	1047	436	1047	11	1034	1036	980	1061	1030	1073	1031	1024	1033	1034	1028	1033	1034	1023	1037	1027	1033	1028	1030	1031	982	1033	1035	1056	1031	1033	1104	1031	11	1027	1033	1106	1148	1032	1028	1165	1032	1027	1024	1053	1022	1027	1035	1033	1063	1029	978	1028	1034	1030	1028	129	1045	1098	1036	1034	1073	966	1022	1035	1044	0	0	1056	1035	1070	1023	1058	1096	1025	1044	1026	1022	1062	1022	1022	1037	1022	1024	1030	1034	1027	372	1024	225	1027	909	1073	11	8999
A97366_2	1052	1052	1025	1025	1070	1070	1070	1070	1070	1070	1029	524	965	830	710	1056	1045	1022	1022	1047	1022	1022	1047	436	1047	11	1034	1036	980	1061	1030	1073	1031	1024	1033	1034	1028	1033	1034	1023	1037	1027	1033	1028	1030	1031	982	1033	1035	1056	1031	1033	1104	1031	11	1027	1033	1106	1148	1032	1028	1165	1032	1027	1024	1053	1022	1027	1035	1033	1063	1029	978	1028	1034	1030	1028	129	1045	1098	1036	1034	1073	966	1022	1035	1044	0	0	1056	1035	1070	1023	1058	1096	1025	1044	1026	1022	1062	1022	1022	1037	1022	1024	1030	1034	1027	372	1024	225	1027	909	1073	11	8999
A97369_1	281	281	475	475	800	800	800	800	800	800	480	118	257	197	195	330	316	278	278	277	278	278	277	90	277	1053	288	329	457	20	481	801	482	474	327	328	284	327	485	275	488	320	327	281	285	324	463	286	329	330	482	327	781	324	784	292	484	782	922	482	322	924	326	280	475	326	278	477	328	326	23	323	298	281	485	480	479	45	288	776	246	329	800	706	311	328	280	1056	1056	0	328	798	474	18	773	475	280	476	278	24	311	311	331	311	474	283	327	477	75	285	79	282	264	803	1053	9702
A97370_1	316	316	480	480	813	813	813	813	813	813	485	47	199	70	133	314	300	327	327	312	327	327	312	74	312	1032	325	25	448	332	486	813	487	479	23	24	321	23	491	312	493	19	23	318	322	20	454	323	25	314	487	23	795	20	766	338	489	796	924	487	16	926	22	316	480	311	327	482	22	20	335	19	23	319	490	485	484	42	358	788	353	25	812	716	332	24	320	1035	1035	328	0	810	479	330	787	480	320	481	327	336	332	332	27	332	479	320	23	482	7	295	56	319	21	816	1032	9704
A97372_1	808	808	772	772	29	29	29	29	29	29	777	368	712	603	510	807	799	791	791	803	791	791	803	312	803	1068	777	811	733	802	778	13	779	771	808	808	774	809	783	766	785	804	808	771	774	806	740	776	809	807	779	808	619	806	799	792	781	620	868	779	804	875	808	771	772	804	791	774	810	808	805	804	751	773	782	777	776	15	796	614	800	809	31	26	772	810	803	1070	1070	798	810	0	771	800	611	772	803	773	791	807	772	772	810	772	771	773	809	774	265	779	137	772	684	32	1068	9321
A97373_1	486	486	3	3	774	774	774	774	774	774	10	196	438	344	293	509	498	468	468	480	468	468	480	137	480	1021	492	480	20	478	17	774	18	4	478	478	489	478	22	481	24	472	478	486	490	475	25	491	479	509	18	478	755	475	759	479	20	755	891	18	473	892	477	486	5	507	468	13	479	477	480	474	450	487	21	16	9	6	496	750	473	478	774	683	483	479	465	1023	1023	474	479	771	0	475	747	11	465	6	468	482	483	483	479	483	10	488	478	13	137	475	98	488	400	776	1021	9531
A97374_1	283	283	476	476	802	802	802	802	802	802	481	119	258	198	196	331	317	280	280	279	280	280	279	89	279	1055	289	331	458	22	482	803	483	475	329	330	285	329	486	276	489	322	329	282	286	326	464	287	331	331	483	329	782	326	784	294	485	783	922	483	324	924	328	281	476	326	280	478	330	328	5	325	300	282	486	481	480	45	290	777	248	331	802	706	313	330	282	1058	1058	18	330	800	475	0	774	476	282	477	280	24	313	313	333	313	475	284	329	478	75	286	82	283	264	805	1055	9707
A97375_1	802	802	748	748	614	614	614	614	614	614	753	382	722	609	518	809	797	766	766	795	766	766	795	303	795	1094	792	788	722	777	754	614	755	747	785	786	789	785	759	781	761	780	785	786	789	783	729	791	787	809	755	785	12	783	817	786	757	19	882	755	781	888	785	785	748	806	766	750	787	785	779	781	740	787	758	753	752	58	784	13	784	788	614	535	770	787	775	1096	1096	773	787	611	747	774	0	748	775	749	766	781	770	770	788	770	747	788	786	750	261	772	135	786	670	617	1094	9334
A97376_1	487	487	12	12	775	775	775	775	775	775	17	196	438	343	294	510	499	469	469	481	469	469	481	136	481	1023	493	481	21	479	18	775	19	11	479	479	490	479	23	482	25	473	479	487	491	476	26	492	480	510	19	479	756	476	760	480	21	756	892	19	474	893	478	487	12	508	469	6	480	478	481	475	450	488	22	9	16	6	497	751	474	479	775	684	484	480	466	1025	1025	475	480	772	11	476	748	0	466	13	469	483	484	484	480	484	3	489	479	6	137	476	98	489	399	777	1023	9533
A97377_1	309	309	466	466	806	806	806	806	806	806	471	113	263	204	196	329	319	279	279	305	279	279	305	69	305	1041	318	321	446	284	472	806	473	465	319	320	314	319	477	305	479	312	319	311	315	316	451	316	321	329	473	319	783	316	777	285	475	784	930	473	314	934	318	310	466	325	279	468	320	318	287	315	301	312	476	471	470	39	316	778	275	321	805	710	333	320	2	1044	1044	280	320	803	465	282	775	466	0	467	279	288	333	333	323	333	465	313	319	468	68	275	79	312	268	809	1041	9743
A97378_1	488	488	7	7	776	776	776	776	776	776	12	195	440	345	294	511	500	470	470	482	470	470	482	136	482	1024	494	482	21	480	19	776	20	6	480	480	491	480	24	483	26	474	480	488	492	477	26	493	481	511	20	480	757	477	761	481	22	757	894	20	475	895	479	488	7	509	470	15	481	479	482	476	452	489	23	18	11	5	498	752	475	480	776	684	485	481	467	1026	1026	476	481	773	6	477	749	13	467	0	470	484	485	485	481	485	12	490	480	15	135	477	97	490	401	778	1024	9531
A97379_1	302	302	469	469	794	794	794	794	794	794	474	101	262	197	176	328	318	6	6	298	6	6	298	26	298	1019	273	328	443	282	475	794	476	468	326	327	269	326	480	260	482	319	326	266	270	323	447	271	328	328	476	326	774	323	755	202	478	775	925	476	321	930	325	265	469	324	6	471	327	325	285	322	299	267	479	474	473	37	327	767	271	328	794	699	319	327	279	1022	1022	278	327	791	468	280	766	469	279	470	0	286	319	319	330	319	468	268	326	471	48	276	73	267	261	797	1019	9753
A97380_1	289	289	483	483	809	809	809	809	809	809	488	120	265	203	201	338	324	286	286	285	286	286	285	92	285	1059	296	337	465	28	489	810	490	482	335	336	292	335	493	283	496	328	335	289	293	332	471	294	337	338	490	335	789	332	790	300	492	790	928	490	330	930	334	288	483	334	286	485	336	334	29	331	305	289	493	488	487	46	296	784	254	337	809	713	319	336	288	1062	1062	24	336	807	482	24	781	483	288	484	286	0	319	319	339	319	482	291	335	485	78	293	84	290	270	812	1059	9708
A97381_1	315	315	484	484	773	773	773	773	773	773	489	105	270	208	197	356	346	319	319	310	319	319	310	86	310	1019	274	333	463	315	490	775	491	483	331	332	270	331	495	263	497	325	331	267	271	328	467	272	333	356	491	331	778	328	754	326	493	779	899	491	326	903	330	268	484	352	319	486	332	330	318	327	310	270	494	489	488	38	350	771	327	333	775	684	6	332	333	1022	1022	311	332	772	483	313	770	484	333	485	319	319	0	0	335	6	483	269	331	486	66	310	66	270	273	776	1019	9792
A97383_1	315	315	484	484	773	773	773	773	773	773	489	105	270	208	197	356	346	319	319	310	319	319	310	86	310	1019	274	333	463	315	490	775	491	483	331	332	270	331	495	263	497	325	331	267	271	328	467	272	333	356	491	331	778	328	754	326	493	779	899	491	326	903	330	268	484	352	319	486	332	330	318	327	310	270	494	489	488	38	350	771	327	333	775	684	6	332	333	1022	1022	311	332	772	483	313	770	484	333	485	319	319	0	0	335	6	483	269	331	486	66	310	66	270	273	776	1019	9792
A97384_1	319	319	480	480	813	813	813	813	813	813	485	48	204	72	135	317	303	330	330	315	330	330	315	77	315	1034	328	28	448	335	486	813	487	479	26	27	324	26	491	315	493	22	26	321	325	23	454	326	28	317	487	26	796	23	769	341	489	797	925	487	21	927	25	319	480	314	330	482	27	25	338	22	28	322	490	485	484	45	361	789	356	28	812	717	335	27	323	1037	1037	331	27	810	479	333	788	480	323	481	330	339	335	335	0	335	479	323	26	482	9	298	58	322	23	816	1034	9704
A97385_1	315	315	484	484	773	773	773	773	773	773	489	105	270	208	198	356	346	319	319	310	319	319	310	86	310	1019	274	333	463	315	490	775	491	483	331	332	270	331	495	263	497	325	331	267	271	328	467	272	333	356	491	331	778	328	754	326	493	779	900	491	326	903	330	268	484	352	319	486	332	330	318	327	310	270	494	489	488	39	348	771	327	333	775	684	2	332	333	1022	1022	311	332	772	483	313	770	484	333	485	319	319	6	6	335	0	483	269	331	486	68	310	67	270	273	776	1019	9790
A97386_1	486	486	11	11	774	774	774	774	774	774	16	196	437	343	294	509	498	468	468	480	468	468	480	135	480	1022	492	480	20	478	17	774	18	10	478	478	489	478	22	481	24	472	478	486	490	475	25	491	479	509	18	478	755	475	759	479	20	755	892	18	473	893	477	486	11	507	468	5	479	477	480	474	449	487	21	8	15	6	496	750	473	478	774	683	483	479	465	1024	1024	474	479	771	10	475	747	3	465	12	468	482	483	483	479	483	0	488	478	5	137	475	97	488	399	776	1022	9532
A97387_1	281	281	489	489	776	776	776	776	776	776	494	87	188	155	163	301	287	268	268	277	268	268	277	69	277	1027	15	321	466	287	495	776	496	488	319	320	9	318	500	20	502	313	319	6	12	316	470	19	321	301	496	319	796	316	766	272	498	797	911	496	314	915	318	25	489	297	268	491	320	318	289	315	297	27	498	494	493	43	335	789	287	321	776	686	269	320	313	1030	1030	283	320	773	488	284	788	489	313	490	268	291	269	269	323	269	488	0	319	491	8	259	69	27	249	779	1027	9662
A97388_1	315	315	479	479	812	812	812	812	812	812	484	46	200	69	131	313	299	326	326	311	326	326	311	74	311	1031	324	24	447	331	485	812	486	478	22	23	320	22	490	311	492	18	22	317	321	19	453	322	24	313	486	22	794	19	764	337	488	795	923	486	17	925	15	315	479	310	326	481	23	21	334	18	24	318	489	484	483	43	357	787	352	24	811	715	331	23	319	1034	1034	327	23	809	478	329	786	479	319	480	326	335	331	331	26	331	478	319	0	481	5	294	55	318	20	815	1031	9700
A97389_1	489	489	14	14	777	777	777	777	777	777	19	197	440	345	296	512	501	471	471	483	471	471	483	135	483	1025	495	483	23	481	20	777	21	13	481	481	492	481	25	484	27	475	481	489	493	478	28	494	482	512	21	481	758	478	761	482	23	758	895	21	476	896	480	489	14	510	471	8	482	480	483	477	452	490	24	11	16	6	499	753	475	481	777	686	486	482	468	1027	1027	477	482	774	13	478	750	6	468	15	471	485	486	486	482	486	5	491	481	0	139	478	98	491	402	779	1025	9536
A97390_1	53	53	136	136	265	265	265	265	265	265	138	5	13	5	31	54	48	50	50	51	50	50	51	16	51	373	11	11	136	75	140	265	139	136	11	12	8	9	141	2	142	9	11	7	8	9	136	6	12	54	140	12	262	9	250	54	140	265	306	140	6	306	8	1	135	56	48	137	7	8	78	10	12	2	142	140	138	20	73	258	66	10	267	247	68	9	67	372	372	75	7	265	137	75	261	137	68	135	48	78	66	66	9	68	137	8	5	139	0	52	32	0	8	267	373	3562
A97391_1	285	285	476	476	781	781	781	781	781	781	481	95	243	185	181	310	298	276	276	281	276	276	281	64	281	1021	264	296	455	289	482	782	483	475	294	295	260	294	486	251	489	288	294	257	261	291	460	262	296	310	483	294	780	291	753	293	485	781	901	483	289	904	293	256	476	306	276	478	295	293	291	290	276	257	486	481	480	39	304	775	294	296	782	690	310	295	275	1024	1024	285	295	779	475	286	772	476	275	477	276	293	310	310	298	310	475	259	294	478	52	0	70	258	237	784	1021	9651
A97392_1	64	64	97	97	134	134	134	134	134	134	98	44	58	53	52	71	69	74	74	67	74	74	67	40	67	226	70	61	100	82	101	136	100	97	60	57	68	59	103	69	104	55	60	67	70	58	104	68	58	71	100	61	137	58	191	75	100	139	178	101	56	179	56	70	97	72	73	98	57	57	84	59	57	69	103	100	99	20	97	135	82	58	135	134	67	58	79	225	225	79	56	137	98	82	135	98	79	97	73	84	66	66	58	67	97	69	55	98	32	70	0	69	57	136	226	2427
A97393_1	280	280	489	489	775	775	775	775	775	775	494	87	186	153	159	299	285	267	267	276	267	267	276	67	276	1024	32	320	465	286	495	775	496	488	318	319	28	317	500	15	502	312	318	25	29	315	469	30	320	299	496	318	794	315	764	271	498	795	909	496	313	913	317	6	489	295	267	491	319	317	288	314	295	8	498	494	493	45	334	787	285	320	775	686	270	319	312	1027	1027	282	319	772	488	283	786	489	312	490	267	290	270	270	322	270	488	27	318	491	0	258	69	0	248	778	1024	9664
A97394_1	259	259	401	401	685	685	685	685	685	685	404	39	160	58	115	254	241	261	261	255	261	261	255	72	255	907	254	22	387	269	403	686	404	400	21	21	249	20	407	243	409	16	21	248	249	17	388	252	22	254	404	21	678	17	711	273	406	678	793	405	15	795	20	245	400	252	259	402	22	20	269	17	23	247	408	405	404	39	304	672	294	22	685	627	273	19	268	909	909	264	21	684	400	264	670	399	268	401	261	270	273	273	23	273	399	249	20	402	8	237	57	248	0	689	907	8574
A97395_1	814	814	777	777	5	5	5	5	5	5	782	374	716	609	515	813	805	797	797	809	797	797	809	317	809	1071	783	817	738	807	783	35	784	776	814	814	780	815	788	772	790	810	814	777	780	812	745	782	815	813	784	814	625	812	802	800	786	626	872	784	810	879	814	777	777	810	797	779	816	814	810	810	755	779	787	782	781	19	801	620	806	815	37	34	776	816	809	1073	1073	803	816	32	776	805	617	777	809	778	797	812	776	776	816	776	776	779	815	779	267	784	136	778	689	0	1071	9320
A97396_1	1049	1049	1023	1023	1068	1068	1068	1068	1068	1068	1027	522	962	827	710	1053	1042	1019	1019	1044	1019	1019	1044	433	1044	0	1031	1033	978	1058	1028	1071	1029	1022	1030	1031	1025	1030	1032	1020	1035	1024	1030	1025	1027	1028	980	1030	1032	1053	1029	1030	1102	1028	8	1024	1031	1104	1146	1030	1025	1163	1029	1024	1022	1050	1019	1025	1032	1030	1060	1026	975	1025	1032	1028	1026	130	1042	1096	1037	1031	1071	964	1019	1032	1041	11	11	1053	1032	1068	1021	1055	1094	1023	1041	1024	1019	1059	1019	1019	1034	1019	1022	1027	1031	1025	373	1021	226	1024	907	1071	0	8998
Staphylococcus_argenteus	9802	9802	9530	9530	9319	9319	9319	9319	9319	9319	9534	4866	9316	8188	6597	9728	9726	9753	9753	9787	9753	9753	9787	4000	9787	8998	9663	9709	9021	9708	9530	9324	9529	9528	9700	9702	9666	9699	9534	9660	9532	9702	9700	9664	9662	9699	9027	9666	9701	9728	9529	9700	9336	9699	7123	9686	9529	9335	9645	9530	9700	9675	9701	9664	9529	9725	9752	9533	9698	9704	9710	9698	9079	9664	9531	9536	9535	1367	9667	9333	9766	9701	9323	8476	9789	9706	9742	8999	8999	9702	9704	9321	9531	9707	9334	9533	9743	9531	9753	9708	9792	9792	9704	9790	9532	9662	9700	9536	3562	9651	2427	9664	8574	9320	8998	0
